2|68|49|85|
32|32|
32|
88|
83|
45|
53|
48|
48|
105|
94|
49|
57|
48|
52|53|
48|48|
48|
48|48|
48|48|
48|
49|48|48|
48|48|
32|32|32|32|32|32|32|32|32|32|32|32|32|32|55|
50|48|
49|56|
48|54|51|48|49|48|
48|
55|48|
48|32|
32|32|32|32|32|48|48|
48|
49|49|
53|32|
32|32|
32|32|
32|32|32|
32|32|
32|32|32|32|
48|49|
48|49|48|48|
48|48|
49|49|48|48|48|48|
48|48|48|
48|48|
48|48|
48|48|48|
48|48|
48|48|48|48|
48|48|48|
48|48|
48|
48|48|
48|48|48|
48|48|48|48|48|
48|48|48|
48|48|
48|48|48|48|
48|
48|48|48|
48|48|48|48|
48|48|48|
48|48|
48|48|
48|48|48|
48|48|48|
48|48|48|48|88|
83|45|
53|48|48|105|
94|
67|72|54|52|50|52|
53|55|94|
49|57|48|
52|53|
3|
130|
170|129|32|32|
88|83|
45|
53|
48|48|
105|94|
49|57|48|
52|53|
48|48|
48|48|48|48|48|48|49|
48|48|
48|48|32|
32|32|32|
32|32|32|32|32|2|
2|2|2|186|
130|130|
186|170|170|
162|130|
162|162|162|130|130|138|154|
202|130|
130|162|138|
170|130|130|
202|154|170|130|130|154|
138|154|130|
130|154|154|
170|130|
130|138|170|
162|130|130|
162|194|138|162|
130|138|154|
138|162|
130|154|146|
178|162|130|
130|162|178|
162|130|130|
138|178|162|
130|130|
154|178|
154|162|130|130|
130|202|202|
162|130|
130|146|
162|178|162|
130|130|130|
154|170|162|
130|130|130|138|146|
162|130|138|
154|130|
130|130|162|
146|170|130|
130|138|138|202|130|
130|138|130|
130|130|
130|146|170|
178|130|130|130|
130|130|130|130|
130|130|130|
130|130|130|
130|130|130|
130|130|130|130|130|130|
130|130|130|
130|130|130|
130|130|130|
130|130|138|170|146|130|
130|130|130|
130|130|130|
130|130|130|
130|130|2|
2|2|2|2|2|
2|2|2|
2|2|130|
130|130|130|
130|194|77|181|53|
48|48|105|94|
67|72|54|
52|50|52|
53|55|94|
49|57|48|52|53|
3|
