2|68|49|85|32|32|
32|32|
55|50|
56|48|
32|32|32|32|48|48|48|49|
55|32|
32|32|
32|32|
32|32|
32|32|
32|48|
49|48|49|48|48|
48|48|49|48|48|48|48|48|48|48|48|48|48|
48|48|
48|48|
48|48|48|
48|48|48|48|
48|48|
48|48|
48|48|
48|48|48|48|48|48|48|48|48|48|48|48|
48|48|48|
48|48|48|
48|48|48|
48|48|
48|48|
48|48|48|48|48|48|48|48|48|48|
48|48|
83|45|53|
48|48|
105|94|67|
72|54|52|50|52|53|55|
94|49|
57|48|
52|53|
84|5|2|2|194|
77|181|
48|105|
94|49|
57|48|52|53|48|48|48|48|
48|48|48|48|
48|51|
48|48|48|
32|32|32|
32|32|32|
32|32|32|
32|32|32|
32|32|
55|48|48|
54|53|55|
48|48|52|
53|52|48|
48|49|51|
57|48|48|
51|57|56|48|48|56|55|
55|48|
48|51|
48|54|48|
48|51|
52|57|48|
48|49|48|52|48|48|51|
49|55|52|
48|48|
55|51|52|
48|54|48|56|52|
48|48|48|
48|48|48|
48|48|
50|48|48|
48|50|48|56|52|
48|48|48|52|
56|52|48|
48|52|48|
48|52|48|48|
48|48|48|48|
48|48|48|48|
49|48|48|
49|50|50|
48|48|51|56|56|48|
48|49|51|50|
48|48|49|
48|56|48|
48|51|48|55|48|48|48|48|48|
48|48|48|
48|48|
48|48|48|48|48|48|
48|48|48|48|
48|48|48|
48|48|
48|48|48|48|
48|48|48|48|49|
49|50|48|48|
48|48|48|
48|48|48|
48|48|48|48|32|
32|32|32|
32|32|32|
32|32|32|
32|48|48|48|
48|48|88|83|45|53|48|
48|105|94|
67|72|54|52|
50|52|53|55|94|
49|57|48|52|53|
