85|2|2|194|77|181|53|48|48|
105|94|
49|57|
48|52|53|
48|48|48|
48|48|48|
48|48|49|48|48|48|48|
32|32|
32|32|32|
32|32|32|
32|32|32|
32|32|32|55|
48|48|55|
53|53|52|
48|52|52|
52|48|48|
49|51|57|48|48|52|49|
53|48|
48|57|51|53|
48|48|51|
49|51|48|48|51|
51|53|48|
48|49|53|52|
48|48|52|
56|49|52|48|
49|51|49|52|
48|51|50|
54|52|48|
48|52|54|52|
48|48|49|54|52|
48|48|51|
54|51|52|
48|48|48|
57|57|52|48|
48|50|52|54|
52|48|48|48|
51|53|52|
48|48|48|49|
50|52|48|49|
51|48|48|
48|52|50|53|
48|48|49|
49|57|48|48|
49|48|48|48|48|
50|53|54|
48|48|48|
48|48|48|48|48|
48|48|48|
48|48|48|
48|48|48|48|
48|48|48|48|
48|48|48|
48|48|48|48|
48|48|48|48|
49|53|50|
48|48|48|48|48|
48|48|48|48|
48|48|48|
32|32|32|32|
32|32|32|32|
32|32|32|48|48|
48|48|
48|88|83|45|
53|48|48|105|94|67|
72|54|52|50|
52|53|55|
94|49|57|48|