
2|
68|49|85|32|
32|
32|
88|
83|
45|
53|
48|48|
105|94|
49|57|
48|
52|53|
48|48|
48|
48|48|
48|
48|
48|48|
53|48|48|
48|32|
32|32|
32|32|32|
32|
32|32|32|
51|
48|48|54|57|50|48|49|56|48|55|48|49|
48|
57|52|50|
48|48|32|
32|32|
32|32|
32|48|
48|48|
49|32|
32|32|
32|32|
32|32|
32|32|32|32|
32|32|32|
32|32|
48|49|
49|48|
48|48|
48|48|49|48|48|
48|48|
48|48|
48|48|
48|48|
48|48|48|
48|48|48|48|
48|48|48|
48|48|48|
48|48|48|48|48|48|48|48|48|48|48|
48|48|48|48|
48|48|
48|48|
48|48|48|48|48|48|
48|
48|48|48|
48|48|
48|48|
48|48|48|
48|48|48|48|48|
48|48|48|48|
48|48|
48|88|
83|45|
53|48|48|
105|94|67|72|54|52|50|52|53|55|94|49|
57|48|
30 Jun 2018 09:12:43 PM Message Received From Analyzer.
2 68 49 85 32 32 32 88 83 45 53 48 48 105 94 49 57 48 52 53 48 48 48 48 48 48 48 48 48 53 48 48 48 32 32 32 32 32 32 32 32 32 32 51 48 48 54 57 50 48 49 56 48 55 48 49 48 57 52 50 48 48 32 32 32 32 32 32 48 48 48 49 32 32 32 32 32 32 32 32 32 32 32 32 32 32 32 32 48 49 49 48 48 48 48 48 49 48 48 48 48 48 48 48 48 48 48 48 48 48 48 48 48 48 48 48 48 48 48 48 48 48 48 48 48 48 48 48 48 48 48 48 48 48 48 48 48 48 48 48 48 48 48 48 48 48 48 48 48 48 48 48 48 48 48 48 48 48 48 48 48 48 48 48 48 48 48 48 88 83 45 53 48 48 105 94 67 72 54 52 50 52 53 55 94 49 57 48 52 53 3 
30 Jun 2018 09:12:43 PM Sending Data to LIMS
http://35.187.229.47:8080/arogya/?username=buddhika&password=b&machine=SysMex&msg=2+68+49+85+32+32+32+88+83+45+53+48+48+105+94+49+57+48+52+53+48+48+48+48+48+48+48+48+48+53+48+48+48+32+32+32+32+32+32+32+32+32+32+51+48+48+54+57+50+48+49+56+48+55+48+49+48+57+52+50+48+48+32+32+32+32+32+32+48+48+48+49+32+32+32+32+32+32+32+32+32+32+32+32+32+32+32+32+48+49+49+48+48+48+48+48+49+48+48+48+48+48+48+48+48+48+48+48+48+48+48+48+48+48+48+48+48+48+48+48+48+48+48+48+48+48+48+48+48+48+48+48+48+48+48+48+48+48+48+48+48+48+48+48+48+48+48+48+48+48+48+48+48+48+48+48+48+48+48+48+48+48+48+48+48+48+48+48+88+83+45+53+48+48+105+94+67+72+54+52+50+52+53+55+94+49+57+48+52+53+3+




2|
68|50|85|32|32|194|77|75|77|152|90|
149|78|162|170|130|130|130|130|130|130|130|130|130|
170|130|130|
130|2|2|
2|2|2|
2|2|2|
2|2|154|
130|130|178|202|130|
130|194|186|146|
130|130|162|
154|138|130|
130|138|154|138|
130|130|154|
202|138|130|
130|202|130|
186|130|130|
154|130|162|130|130|
154|154|170|
130|130|146|
146|186|130|
130|146|178|
138|130|130|138|162|162|
138|130|170|
146|162|130|
130|130|178|194|
138|130|130|130|
154|130|130|
130|146|146|194|
130|130|130|
138|146|178|
138|130|130|162|170|
178|130|130|
130|130|170|202|
138|130|130|
130|130|154|130|130|138|154|138|130|130|162|146|
130|130|130|138|
146|154|130|130|138|
130|186|130|130|
146|202|162|130|
130|130|130|
130|130|130|130|
130|130|130|130|130|
130|130|130|130|
130|130|130|
130|130|130|130|130|
130|130|130|130|130|
130|130|130|
146|162|130|130|
130|130|130|130|130|130|130|130|
130|130|130|2|
2|2|2|
2|2|2|2|2|2|
2|130|130|130|
130|130|194|
77|181|53|48|
48|105|94|67|72|
54|52|50|52|




2 68 50 85 32 32 194 77 75 77 152 90 149 78 162 170 130 130 130 130 130 130 130 130 130 170 130 130 130 2 2 2 2 2 2 2 2 2 2 154 130 130 178 202 130 130 194 186 146 130 130 162 154 138 130 130 138 154 138 130 130 154 202 138 130 130 202 130 186 130 130 154 130 162 130 130 154 154 170 130 130 146 146 186 130 130 146 178 138 130 130 138 162 162 138 130 170 146 162 130 130 130 178 194 138 130 130 130 154 130 130 130 146 146 194 130 130 130 138 146 178 138 130 130 162 170 178 130 130 130 130 170 202 138 130 130 130 130 154 130 130 138 154 138 130 130 162 146 130 130 130 138 146 154 130 130 138 130 186 130 130 146 202 162 130 130 130 130 130 130 130 130 130 130 130 130 130 130 130 130 130 130 130 130 130 130 130 130 130 130 130 130 130 130 130 130 130 146 162 130 130 130 130 130 130 130 130 130 130 130 130 130 2 2 2 2 2 2 2 2 2 2 2 130 130 130 130 130 194 77 181 53 48 48 105 94 67 72 54 52 50 52 53 55 94 49 57 48 52 53 3 

msg=2+68+50+85+32+32+194+77+75+77+152+90+149+78+162+170+130+130+130+130+130+130+130+130+130+170+130+130+130+2+2+2+2+2+2+2+2+2+2+154+130+130+178+202+130+130+194+186+146+130+130+162+154+138+130+130+138+154+138+130+130+154+202+138+130+130+202+130+186+130+130+154+130+162+130+130+154+154+170+130+130+146+146+186+130+130+146+178+138+130+130+138+162+162+138+130+170+146+162+130+130+130+178+194+138+130+130+130+154+130+130+130+146+146+194+130+130+130+138+146+178+138+130+130+162+170+178+130+130+130+130+170+202+138+130+130+130+130+154+130+130+138+154+138+130+130+162+146+130+130+130+138+146+154+130+130+138+130+186+130+130+146+202+162+130+130+130+130+130+130+130+130+130+130+130+130+130+130+130+130+130+130+130+130+130+130+130+130+130+130+130+130+130+130+130+130+130+146+162+130+130+130+130+130+130+130+130+130+130+130+130+130+2+2+2+2+2+2+2+2+2+2+2+130+130+130+130+130+194+77+181+53+48+48+105+94+67+72+54+52+50+52+53+55+94+49+57+48+52+53+3+

30 Jun 2018 09:12:50 PM Sending Data to Analyzer
